[infantry]55,45,5,1,12,5,25,15,25,14|-1,-1,-1,-1,30,7,-1,-1
[mech]65,55,55,15,85,65,85,70,85,75|-1,-1,-1,-1,35,9,-1,-1
[mech-]65,55,6,1,18,6,35,32,35,20|-1,-1,-1,-1,35,9,-1,-1
[tank]75,70,55,15,85,65,85,70,85,75|10,5,1,1,40,10,-1,-1
[tank-]75,70,6,1,40,6,30,45,55,45|-1,-1,-1,-1,40,10,-1,-1
[mdTank]105,95,85,55,105,105,105,105,105,105|35,30,10,10,45,12,-1,-1
[mdTank-]105,95,8,1,45,7,35,45,55,45|-1,-1,-1,-1,45,12,-1,-1
[recon]70,65,6,1,35,4,28,45,55,45|-1,-1,-1,-1,35,10,-1,-1
[aa]105,105,25,10,60,45,55,50,55,50|-1,-1,-1,-1,105,105,65,75
[missiles]-1,-1,-1,-1,-1,-1,-1,-1,-1,-1|-1,-1,-1,-1,115,115,100,100
[artillery]90,85,70,45,80,75,80,75,80,70|55,50,65,40,-1,-1,-1,-1
[rockets]95,90,80,55,90,85,90,80,85,80|60,60,85,55,-1,-1,-1,-1
[cruiser]-1,-1,-1,-1,-1,-1,-1,-1,-1,-1|25,25,90,5,105,105,85,100
[sub]-1,-1,-1,-1,-1,-1,-1,-1,-1,-1|95,25,55,65,-1,-1,-1,-1
[bship]95,90,80,55,90,85,90,80,85,80|95,95,95,50,-1,-1,-1,-1
[bcopter]75,75,55,25,55,25,65,65,65,60|25,25,25,25,95,65,-1,-1
[bcopter-]75,75,6,1,30,6,35,25,35,20|-1,-1,-1,-1,95,65,-1,-1
[fighter]-1,-1,-1,-1,-1,-1,-1,-1,-1,-1|-1,-1,-1,-1,120,120,55,100
[bomber]110,110,105,95,105,95,105,105,105,105|95,50,95,75,-1,-1,-1,-1